-256-

01111111 801010011111 1000001011 1181111010. 18711840-080. 0111101. 11 VII. l. 1801
0.·11010101111. 1881401111. 001. 01. p. 1-8. 0111101111. 80.

1001111. (110110 1010100101811010 110111 1 10111011,11. 111 11010111 1100111111 8011111111
111101101011011111101110010110111011110 1000010011 Thur. (111 3111. 1101011000. 0011
1010111010 0100110. 0.·Πο10101111 1878. 80. 80100111. 2. 1878. p. 100-18811180.

- 1110110101111011101010011100110010101 - 1101011011 111 0101111 1010100101 14101-
Ag. 4⁰. 01. 11001. 01101 1100111111. 1870. 80. (1101 311. 11101011.

1101011118 1101011111 1100111111 8010011010 111. 00111 1101001. 11. 1871. 1078-911
(81 11111. 00111 11011111.1111111101.111)1 111111. -- 1101011011 111 0101111 1ο10110010111101-
110111101011. 11111010, 11. 1870. p. 1-0110. 01101Γ1001111 01111111. 1871. 80.

811011, 11011. Η1011011110 10111111 111 101- ·-- 011011001111011101111111000001011011·
101111 1110111111 1010100101 11. 0010101111. 0110101111 11 18781 (8131111101011010
11110101111111001011011010101111118720011801001. 1.11.1-10.111.80.

80, -011011001000111011111110111010111111

8001010111, 8110101011 111 0101111 1010· ,111011 18781. 11 11111111.(111111011.111110
1100101. (81 301. 1110101. 00111. 801001. V. 1. 10101. 1101011000. 0011. 801001. 1018741.)
18781). 260-170180. gr. 8⁰.

8011111111. Φ. 11010111 1101111111 0111101011- 8111010111011110111111 1111 0101111 1010·
11101180110111811111180111111010011101οΔ1. 100101 ι1011111001011011 1100111111. (80 311.
(In 301. 1101011000. 00111. 1101001. 1. 1872. 1110101.00111.Εο1001.111.1.18721118-82.)
p. 1-80, 0121001111. 80. 80.

110111001111 1101011011 111 0101111010- 0011101111, B. R. 1101011011 111 010111 10-
100101 1110101101 1 Πο101101101110011111. (81 1010010111 0110011 111111 1110101111. 111·
311.1110101000111801001111.118711188- 1011 1110101101 1 1101010101 11001111. (81
47.) 80. 311. 11101011. 00111. 801001. IV. 1. 1870111-

nerponeffi, A. 111111100111 1011111. 110 ce· 00100.

11010110 111101011(001101100000)1101101011 - 1111011011 111 010111 1010100101 Pno-
10010101111111 1011010110110111101111010 1101101010 111111. (81. 3111. 1110101. 00111
1101010110 Κο11. Μο0111 1807. 80. 011001. 801001. V. 1. 1878. p. 119-180180.

Emenso, 111. 1101011011 111 010111 10101100· 11011010ιί1, 1. 0. 111 1010010111 0011110111
101110111101101 1100111111. (81 3011. 1110101. 010111010οε. (81 11111. 00111 11011111. 1111101
00111.801001.11.1871.(1.97-109180. · 11111 11111. 101110101011110110. 1118711.

- 01011111 8011010101 01011110, 0011111110· 821-808. 0111101111. 80.

11111. 8010110011. (813011. 11101011. 00111 111111101111, 81. 001 0110110111 111010
801101. 111. 1. 1872. p. 48-104180. pun, 001101111118111111111 1111010100·

· 8111101111.1110101110011111110111010111. 1111. 1111110111. (81 3111. Ηο101000001.

I. 111το110111 111 1010010111 11 0101101111 1101001. vl. 1879. p. 1-71, 01 10011100.

1010100101010111110 1101111. 01. 0 1101111111- 1111101111, 1101011. 011010 001 0101110111)

11101111 1111000111111111001111111101111001 001011011111 00011110 1880 1011 n· 311101-

(81 301110. Ηο101000. 0011100111 80100110- 0101110101000111111111ω11111000

· 11011111. IX. 2. 1880180. 11011111.1111111101 upa 11111. 1101110101111·

—-— 0111001000 0101101 1 10111101 8000111. (81 1101011. 1870. p. 1-18.) 40.

11111. 00111. 11011111. 11111101.1111111111. 11011· -01011111110101111001101 010111 01οΜ

11011011, 1111110101. 1872. 11.118-140. 01 11011110101011111111011011, 10100101100

1001.) 40. 0110111 1 01110101110010101 0110111011οΥ1
-- 1101111οι111 1000101111 01101100101101 1101111011 1800. 80.

Ρο1111011100 Ehrb. 1 811100010110111111. (81

1111100111.11011111Π1111110111111111111011-’ 00000000·

110101. 11110010. X. 1877. p. 800- 887. 01» 1011011111,Ε.0111111101111011101100101110011

21001.)11.80.10101001111010111 (ln the 11011101. ome
—- 0111011001 0101110111. 1181110101111 1111111. Soc. 1111. p. 80140.

011001100111 3111010 (81 11110011. 11011111. -11101101011011110081001010101011101101110

11111101. 111111 111111. 1101110101. 1111101101. copiae 1188. 80.

1870111-18140. -- 111010011 qua 011101 detectos 11101οΗ
Pmoun, 11. 11110101110011111 1100111011ιί1. secundum 011000011011101111 111 101001

1 1 11. (1113111. Ηο1011000. 00111. 801001. 11. 8. species 01 varietates redigere 10111οο01010·

 

